226
225
229
246
230
258
230
232
230
234
231
234
228
235
235
229
227
228
247
227
236
234
227
228
227
226
227
227
227
229
227
227
226
226
226
226
226
230
228
226
227
227
227
227
226
227
227
227
226
226
226
226
226
227
226
226
226
226
226
226
226
226
230
226
227
227
227
227
226
226
230
227
227
227
227
226
226
228
227
227
229
226
227
227
227
226
226
227
227
227
227
226
226
227
226
227
227
227
226
227
227
226
227
226
226
227
226
227
226
226
226
227
226
227
226
234
227
226
227
235
227
229
226
226
227
232
227
226
226
227
226
227
227
226
227
226
226
226
229
227
227
226
226
226
227
228
226
228
228
226
227
229
227
226
227
227
227
226
227
227
227
226
227
231
226
226
226
226
231
226
229
226
229
226
227
228
232
226
262
265
272
239
227
244
226
227
226
227
226
228
226
227
226
228
226
227
226
228
226
226
226
228
227
228
226
227
226
226
226
226
226
226
226
228
227
226
226
229
227
226
228
227
227
226
226
227
228
226
226
227
226
227
230
227
229
227
226
227
226
228
230
227
228
226
226
226
228
226
226
227
228
227
227
226
226
226
227
227
226
226
226
225
227
227
226
226
227
226
227
227
228
226
226
227
226
226
232
226
228
227
227
227
226
229
226
227
227
227
227
229
226
227
227
226
227
227
227
227
227
227
226
227
226
226
226
226
227
226
227
226
230
227
226
227
229
227
227
227
226
226
227
226
227
227
226
226
226
226
226
226
227
226
226
229
227
226
226
227
227
227
226
226
226
227
227
226
227
227
227
227
227
228
226
226
226
226
227
227
227
226
227
226
227
231
227
227
226
226
227
227
230
227
227
226
226
227
230
227
227
226
227
229
226
226
225
227
227
227
226
226
227
229
226
226
231
227
226
226
231
226
228
227
230
234
227
233
233
230
226
226
227
226
226
226
226
226
227
226
228
227
227
226
227
227
227
226
226
227
231
229
227
227
226
227
226
228
227
227
227
226
226
226
226
227
234
229
227
227
226
226
228
227
226
226
227
226
226
227
226
226
226
227
227
227
229
226
227
227
226
227
227
226
227
226
226
226
227
227
227
