216
215
218
218
216
225
276
242
238
244
254
219
252
260
234
243
246
236
254
420
275
265
283
258
239
242
327
229
257
230
225
235
243
262
239
260
288
249
257
237
219
220
226
220
240
229
224
219
223
221
223
226
225
218
221
275
223
229
234
239
222
224
219
259
227
221
219
221
221
220
224
217
216
216
219
215
215
219
279
220
222
216
216
217
220
216
215
217
216
215
216
217
217
216
215
217
215
217
217
215
218
215
218
215
216
216
217
217
215
220
220
221
222
215
215
806
216
217
217
215
234
231
224
216
217
217
216
217
215
216
217
216
217
216
220
216
215
215
216
216
216
216
215
216
215
216
215
216
217
216
215
217
216
215
216
216
215
216
216
216
215
223
217
216
215
217
216
489
216
216
215
215
217
216
216
216
217
217
215
216
216
216
216
217
216
240
216
215
216
216
217
216
215
216
215
220
841
216
216
216
215
216
216
216
216
216
216
217
216
215
215
217
217
215
215
217
215
216
215
218
216
216
215
215
215
215
216
218
218
217
215
219
217
218
217
217
217
218
215
216
215
244
218
217
215
216
216
215
621
216
216
215
215
217
216
280
216
216
217
216
216
216
220
449
225
216
215
215
216
215
711
215
215
219
216
215
215
216
215
217
219
216
219
219
221
216
217
229
221
231
217
215
216
216
216
216
219
216
217
216
217
216
217
217
222
215
215
216
215
215
216
217
215
216
273
216
216
216
216
215
216
218
216
217
219
217
216
215
216
216
216
216
216
216
215
217
217
215
215
217
215
215
216
219
216
216
215
217
217
216
216
761
216
215
216
216
216
216
217
216
217
217
218
216
235
215
215
216
215
215
216
220
216
294
215
215
216
215
215
216
216
220
217
217
215
216
216
216
216
215
276
305
218
215
215
216
215
216
217
216
215
217
216
218
217
217
215
218
215
216
215
216
216
215
215
217
218
216
216
217
216
217
216
218
217
216
215
218
216
216
216
216
260
215
217
217
216
215
217
215
215
215
215
215
216
217
216
215
215
216
217
217
216
216
216
215
215
216
216
215
215
216
216
218
216
216
216
215
215
864
216
216
215
215
215
215
216
216