204
213
207
222
308
218
218
366
250
228
243
248
224
247
233
233
238
224
229
271
265
337
221
277
294
267
285
262
255
250
262
241
285
245
266
253
251
282
236
256
237
215
234
227
217
210
224
226
222
221
225
221
219
214
226
221
226
206
207
208
207
228
221
222
204
205
206
207
202
205
207
227
232
207
204
206
203
202
205
207
208
210
209
210
210
207
206
212
205
215
203
206
206
211
207
211
202
206
201
201
207
211
218
205
207
208
206
210
205
247
218
203
231
206
231
210
207
889
205
205
206
209
211
205
209
210
359
235
203
212
212
221
751
204
207
209
206
215
213
207
213
204
216
210
207
208
206
203
203
205
206
208
207
207
213
209
210
205
218
208
208
206
216
207
215
205
225
207
223
214
206
208
206
206
205
207
726
206
209
206
207
208
223
207
204
206
207
215
211
215
211
577
217
206
216
206
209
206
213
214
207
208
223
206
206
217
214
265
207
206
206
231
206
205
207
203
203
200
200
200
201
201
206
230
211
212
245
234
222
207
209
209
209
209
211
206
217
210
200
215
203
207
201
206
201
202
201
204
202
200
206
201
200
203
201
201
201
200
201
203
200
207
203
201
202
201
202
200
200
201
201
201
200
200
201
202
199
201
201
773
201
200
202
202
201
200
200
202
201
203
203
204
200
203
201
202
202
201
201
202
202
220
220
200
200
201
200
201
201
201
202
201
201
200
200
201
219
202
202
200
203
202
205
201
203
201
201
200
205
201
202
219
203
204
203
201
201
203
624
201
201
207
202
202
200
202
201
202
201
203
202
203
202
203
201
201
201
202
202
200
203
203
202
200
203
200
203
201
203
200
206
205
202
200
202
202
200
200
201
200
203
215
209
205
204
200
201
202
206
200
208
203
203
202
204
201
203
201
202
202
202
200
205
202
201
201
224
201
202
211
204
202
482
201
201
201
204
199
206
202
206
204
202
203
203
201
201
200
200
200
203
201
200
205
586
203
202
201
202
200
201
203
201
201
200
200
202
200
201
200
201
200
200
201
200
201
200
201
200
201
202
203
200
201
204
202
200
200
201
202
200
503
201
201
201
202
201
204
258
